# This is a directory for a simulation study.
# -------------------------------------------
# Sat Apr 30 11:28:22 EDT 2011
#
# s15 is copied
#
Repetition:10
Replicate:10
ThetaPerSite:0.080814517322956
RhoPerSite:0.0118491287894766
Delta:743.702415841584
InBlock:cornellf-3-in.block
SpeicesTree:cornellf-3.tree
Burnin:1000000
ChainLength:1000000
Thin:10000
SAMPLESIZE:101
NumberSpecies:5
Walltime:168
NUMBER_BLOCK:274
